0.001 24.0832
0.00101 23.9843
0.00102 23.887
0.00103 23.7912
0.00104 23.6968
0.00105 23.6039
0.00106 23.5123
0.00107 23.4222
0.00108 23.3333
0.00109 23.2458
0.0011 23.1595
0.00111 23.0745
0.00112 22.9907
0.00113 22.9081
0.00114 22.8266
0.00115 22.7462
0.00116 22.667
0.00117 22.5889
0.00118 22.5118
0.00119 22.4357
0.0012 22.3607
0.00121 22.2866
0.00122 22.2136
0.00123 22.1415
0.00124 22.0703
0.00125 22
0.00126 21.9306
0.00127 21.8621
0.00128 21.7945
0.00129 21.7277
0.0013 21.6617
0.00131 21.5966
0.00132 21.5322
0.00133 21.4686
0.00134 21.4058
0.00135 21.3437
0.00136 21.2824
0.00137 21.2218
0.00138 21.1619
0.00139 21.1027
0.0014 21.0442
0.00141 20.9863
0.00142 20.9291
0.00143 20.8726
0.00144 20.8167
0.00145 20.7614
0.00146 20.7067
0.00147 20.6526
0.00148 20.5991
0.00149 20.5462
0.0015 20.4939
0.00151 20.4421
0.00152 20.3909
0.00153 20.3402
0.00154 20.2901
0.00155 20.2405
0.00156 20.1914
0.00157 20.1428
0.00158 20.0947
0.00159 20.0471
0.0016 20
0.00161 19.9534
0.00162 19.9072
0.00163 19.8615
0.00164 19.8162
0.00165 19.7714
0.00166 19.7271
0.00167 19.6831
0.00168 19.6396
0.00169 19.5965
0.0017 19.5538
0.00171 19.5116
0.00172 19.4697
0.00173 19.4282
0.00174 19.3872
0.00175 19.3465
0.00176 19.3061
0.00177 19.2662
0.00178 19.2266
0.00179 19.1874
0.0018 19.1485
0.00181 19.11
0.00182 19.0719
0.00183 19.0341
0.00184 18.9966
0.00185 18.9594
0.00186 18.9226
0.00187 18.8861
0.00188 18.8499
0.00189 18.814
0.0019 18.7785
0.00191 18.7432
0.00192 18.7083
0.00193 18.6736
0.00194 18.6393
0.00195 18.6052
0.00196 18.5714
0.00197 18.5379
0.00198 18.5047
0.00199 18.4718
0.002 18.4391
0.00201 18.4067
0.00202 18.3745
0.00203 18.3427
0.00204 18.311
0.00205 18.2797
0.00206 18.2486
0.00207 18.2177
0.00208 18.1871
0.00209 18.1567
0.0021 18.1265
0.00211 18.0966
0.00212 18.067
0.00213 18.0375
0.00214 18.0083
0.00215 17.9793
0.00216 17.9505
0.00217 17.922
0.00218 17.8937
0.00219 17.8656
0.0022 17.8377
0.00221 17.81
0.00222 17.7825
0.00223 17.7552
0.00224 17.7281
0.00225 17.7012
0.00226 17.6745
0.00227 17.6481
0.00228 17.6218
0.00229 17.5957
0.0023 17.5697
0.00231 17.544
0.00232 17.5185
0.00233 17.4931
0.00234 17.4679
0.00235 17.4429
0.00236 17.4181
0.00237 17.3934
0.00238 17.369
0.00239 17.3446
0.0024 17.3205
0.00241 17.2965
0.00242 17.2727
0.00243 17.2491
0.00244 17.2256
0.00245 17.2023
0.00246 17.1791
0.00247 17.1561
0.00248 17.1333
0.00249 17.1106
0.0025 17.088
0.00251 17.0656
0.00252 17.0434
0.00253 17.0213
0.00254 16.9993
0.00255 16.9775
0.00256 16.9558
0.00257 16.9343
0.00258 16.9129
0.00259 16.8917
0.0026 16.8705
0.00261 16.8496
0.00262 16.8287
0.00263 16.808
0.00264 16.7874
0.00265 16.767
0.00266 16.7467
0.00267 16.7265
0.00268 16.7064
0.00269 16.6865
0.0027 16.6667
0.00271 16.647
0.00272 16.6274
0.00273 16.608
0.00274 16.5886
0.00275 16.5694
0.00276 16.5503
0.00277 16.5313
0.00278 16.5125
0.00279 16.4937
0.0028 16.4751
0.00281 16.4566
0.00282 16.4381
0.00283 16.4198
0.00284 16.4016
0.00285 16.3836
0.00286 16.3656
0.00287 16.3477
0.00288 16.3299
0.00289 16.3123
0.0029 16.2947
0.00291 16.2772
0.00292 16.2599
0.00293 16.2426
0.00294 16.2255
0.00295 16.2084
0.00296 16.1914
0.00297 16.1746
0.00298 16.1578
0.00299 16.1411
0.003 16.1245
0.00301 16.108
0.00302 16.0916
0.00303 16.0753
0.00304 16.0591
0.00305 16.043
0.00306 16.0269
0.00307 16.011
0.00308 15.9951
0.00309 15.9794
0.0031 15.9637
0.00311 15.9481
0.00312 15.9326
0.00313 15.9171
0.00314 15.9018
0.00315 15.8865
0.00316 15.8713
0.00317 15.8562
0.00318 15.8412
0.00319 15.8263
0.0032 15.8114
0.00321 15.7966
0.00322 15.7819
0.00323 15.7673
0.00324 15.7527
0.00325 15.7382
0.00326 15.7238
0.00327 15.7095
0.00328 15.6953
0.00329 15.6811
0.0033 15.667
0.00331 15.653
0.00332 15.639
0.00333 15.6251
0.00334 15.6113
0.00335 15.5976
0.00336 15.5839
0.00337 15.5703
0.00338 15.5567
0.00339 15.5433
0.0034 15.5299
0.00341 15.5165
0.00342 15.5033
0.00343 15.4901
0.00344 15.4769
0.00345 15.4638
0.00346 15.4508
0.00347 15.4379
0.00348 15.425
0.00349 15.4122
0.0035 15.3994
0.00351 15.3868
0.00352 15.3741
0.00353 15.3616
0.00354 15.349
0.00355 15.3366
0.00356 15.3242
0.00357 15.3119
0.00358 15.2996
0.00359 15.2874
0.0036 15.2753
0.00361 15.2632
0.00362 15.2511
0.00363 15.2391
0.00364 15.2272
0.00365 15.2153
0.00366 15.2035
0.00367 15.1918
0.00368 15.1801
0.00369 15.1684
0.0037 15.1568
0.00371 15.1453
0.00372 15.1338
0.00373 15.1224
0.00374 15.111
0.00375 15.0997
0.00376 15.0884
0.00377 15.0772
0.00378 15.066
0.00379 15.0549
0.0038 15.0438
0.00381 15.0328
0.00382 15.0218
0.00383 15.0109
0.00384 15
0.00385 14.9892
0.00386 14.9784
0.00387 14.9677
0.00388 14.957
0.00389 14.9463
0.0039 14.9358
0.00391 14.9252
0.00392 14.9147
0.00393 14.9043
0.00394 14.8939
0.00395 14.8835
0.00396 14.8732
0.00397 14.8629
0.00398 14.8527
0.00399 14.8425
0.004 14.8324
0.00401 14.8223
0.00402 14.8123
0.00403 14.8023
0.00404 14.7923
0.00405 14.7824
0.00406 14.7725
0.00407 14.7627
0.00408 14.7529
0.00409 14.7431
0.0041 14.7334
0.00411 14.7237
0.00412 14.7141
0.00413 14.7045
0.00414 14.695
0.00415 14.6855
0.00416 14.676
0.00417 14.6666
0.00418 14.6572
0.00419 14.6478
0.0042 14.6385
0.00421 14.6292
0.00422 14.62
0.00423 14.6108
0.00424 14.6016
0.00425 14.5925
0.00426 14.5834
0.00427 14.5744
0.00428 14.5654
0.00429 14.5564
0.0043 14.5474
0.00431 14.5385
0.00432 14.5297
0.00433 14.5208
0.00434 14.512
0.00435 14.5033
0.00436 14.4945
0.00437 14.4858
0.00438 14.4772
0.00439 14.4686
0.0044 14.46
0.00441 14.4514
0.00442 14.4429
0.00443 14.4344
0.00444 14.426
0.00445 14.4175
0.00446 14.4091
0.00447 14.4008
0.00448 14.3925
0.00449 14.3842
0.0045 14.3759
0.00451 14.3677
0.00452 14.3595
0.00453 14.3513
0.00454 14.3432
0.00455 14.3351
0.00456 14.327
0.00457 14.319
0.00458 14.311
0.00459 14.303
0.0046 14.295
0.00461 14.2871
0.00462 14.2792
0.00463 14.2714
0.00464 14.2635
0.00465 14.2557
0.00466 14.248
0.00467 14.2402
0.00468 14.2325
0.00469 14.2248
0.0047 14.2172
0.00471 14.2095
0.00472 14.2019
0.00473 14.1944
0.00474 14.1868
0.00475 14.1793
0.00476 14.1718
0.00477 14.1644
0.00478 14.1569
0.00479 14.1495
0.0048 14.1421
0.00481 14.1348
0.00482 14.1275
0.00483 14.1202
0.00484 14.1129
0.00485 14.1056
0.00486 14.0984
0.00487 14.0912
0.00488 14.0841
0.00489 14.0769
0.0049 14.0698
0.00491 14.0627
0.00492 14.0556
0.00493 14.0486
0.00494 14.0416
0.00495 14.0346
0.00496 14.0276
0.00497 14.0207
0.00498 14.0138
0.00499 14.0069
0.005 14
0.00501 13.9932
0.00502 13.9863
0.00503 13.9795
0.00504 13.9728
0.00505 13.966
0.00506 13.9593
0.00507 13.9526
0.00508 13.9459
0.00509 13.9392
0.0051 13.9326
0.00511 13.926
0.00512 13.9194
0.00513 13.9128
0.00514 13.9063
0.00515 13.8998
0.00516 13.8933
0.00517 13.8868
0.00518 13.8803
0.00519 13.8739
0.0052 13.8675
0.00521 13.8611
0.00522 13.8547
0.00523 13.8484
0.00524 13.8421
0.00525 13.8358
0.00526 13.8295
0.00527 13.8232
0.00528 13.817
0.00529 13.8108
0.0053 13.8046
0.00531 13.7984
0.00532 13.7922
0.00533 13.7861
0.00534 13.78
0.00535 13.7739
0.00536 13.7678
0.00537 13.7617
0.00538 13.7557
0.00539 13.7497
0.0054 13.7437
0.00541 13.7377
0.00542 13.7317
0.00543 13.7258
0.00544 13.7199
0.00545 13.714
0.00546 13.7081
0.00547 13.7022
0.00548 13.6964
0.00549 13.6906
0.0055 13.6848
0.00551 13.679
0.00552 13.6732
0.00553 13.6675
0.00554 13.6617
0.00555 13.656
0.00556 13.6503
0.00557 13.6446
0.00558 13.639
0.00559 13.6333
0.0056 13.6277
0.00561 13.6221
0.00562 13.6165
0.00563 13.6109
0.00564 13.6054
0.00565 13.5998
0.00566 13.5943
0.00567 13.5888
0.00568 13.5833
0.00569 13.5779
0.0057 13.5724
0.00571 13.567
0.00572 13.5616
0.00573 13.5562
0.00574 13.5508
0.00575 13.5454
0.00576 13.5401
0.00577 13.5347
0.00578 13.5294
0.00579 13.5241
0.0058 13.5188
0.00581 13.5136
0.00582 13.5083
0.00583 13.5031
0.00584 13.4978
0.00585 13.4926
0.00586 13.4874
0.00587 13.4823
0.00588 13.4771
0.00589 13.472
0.0059 13.4668
0.00591 13.4617
0.00592 13.4566
0.00593 13.4516
0.00594 13.4465
0.00595 13.4414
0.00596 13.4364
0.00597 13.4314
0.00598 13.4264
0.00599 13.4214
0.006 13.4164
0.00601 13.4114
0.00602 13.4065
0.00603 13.4016
0.00604 13.3966
0.00605 13.3917
0.00606 13.3869
0.00607 13.382
0.00608 13.3771
0.00609 13.3723
0.0061 13.3674
0.00611 13.3626
0.00612 13.3578
0.00613 13.353
0.00614 13.3483
0.00615 13.3435
0.00616 13.3387
0.00617 13.334
0.00618 13.3293
0.00619 13.3246
0.0062 13.3199
0.00621 13.3152
0.00622 13.3105
0.00623 13.3059
0.00624 13.3012
0.00625 13.2966
0.00626 13.292
0.00627 13.2874
0.00628 13.2828
0.00629 13.2782
0.0063 13.2737
0.00631 13.2691
0.00632 13.2646
0.00633 13.2601
0.00634 13.2556
0.00635 13.2511
0.00636 13.2466
0.00637 13.2421
0.00638 13.2376
0.00639 13.2332
0.0064 13.2288
0.00641 13.2243
0.00642 13.2199
0.00643 13.2155
0.00644 13.2111
0.00645 13.2068
0.00646 13.2024
0.00647 13.1981
0.00648 13.1937
0.00649 13.1894
0.0065 13.1851
0.00651 13.1808
0.00652 13.1765
0.00653 13.1722
0.00654 13.1679
0.00655 13.1637
0.00656 13.1594
0.00657 13.1552
0.00658 13.151
0.00659 13.1468
0.0066 13.1426
0.00661 13.1384
0.00662 13.1342
0.00663 13.13
0.00664 13.1259
0.00665 13.1218
0.00666 13.1176
0.00667 13.1135
0.00668 13.1094
0.00669 13.1053
0.0067 13.1012
0.00671 13.0971
0.00672 13.0931
0.00673 13.089
0.00674 13.085
0.00675 13.0809
0.00676 13.0769
0.00677 13.0729
0.00678 13.0689
0.00679 13.0649
0.0068 13.0609
0.00681 13.057
0.00682 13.053
0.00683 13.0491
0.00684 13.0451
0.00685 13.0412
0.00686 13.0373
0.00687 13.0334
0.00688 13.0295
0.00689 13.0256
0.0069 13.0217
0.00691 13.0179
0.00692 13.014
0.00693 13.0102
0.00694 13.0063
0.00695 13.0025
0.00696 12.9987
0.00697 12.9949
0.00698 12.9911
0.00699 12.9873
0.007 12.9835
0.00701 12.9797
0.00702 12.976
0.00703 12.9722
0.00704 12.9685
0.00705 12.9648
0.00706 12.961
0.00707 12.9573
0.00708 12.9536
0.00709 12.9499
0.0071 12.9463
0.00711 12.9426
0.00712 12.9389
0.00713 12.9353
0.00714 12.9316
0.00715 12.928
0.00716 12.9244
0.00717 12.9207
0.00718 12.9171
0.00719 12.9135
0.0072 12.9099
0.00721 12.9064
0.00722 12.9028
0.00723 12.8992
0.00724 12.8957
0.00725 12.8921
0.00726 12.8886
0.00727 12.8851
0.00728 12.8815
0.00729 12.878
0.0073 12.8745
0.00731 12.871
0.00732 12.8675
0.00733 12.8641
0.00734 12.8606
0.00735 12.8571
0.00736 12.8537
0.00737 12.8502
0.00738 12.8468
0.00739 12.8434
0.0074 12.84
0.00741 12.8366
0.00742 12.8332
0.00743 12.8298
0.00744 12.8264
0.00745 12.823
0.00746 12.8196
0.00747 12.8163
0.00748 12.8129
0.00749 12.8096
0.0075 12.8062
0.00751 12.8029
0.00752 12.7996
0.00753 12.7963
0.00754 12.793
0.00755 12.7897
0.00756 12.7864
0.00757 12.7831
0.00758 12.7798
0.00759 12.7766
0.0076 12.7733
0.00761 12.7701
0.00762 12.7668
0.00763 12.7636
0.00764 12.7604
0.00765 12.7572
0.00766 12.7539
0.00767 12.7507
0.00768 12.7475
0.00769 12.7444
0.0077 12.7412
0.00771 12.738
0.00772 12.7348
0.00773 12.7317
0.00774 12.7285
0.00775 12.7254
0.00776 12.7223
0.00777 12.7191
0.00778 12.716
0.00779 12.7129
0.0078 12.7098
0.00781 12.7067
0.00782 12.7036
0.00783 12.7005
0.00784 12.6974
0.00785 12.6943
0.00786 12.6913
0.00787 12.6882
0.00788 12.6852
0.00789 12.6821
0.0079 12.6791
0.00791 12.6761
0.00792 12.673
0.00793 12.67
0.00794 12.667
0.00795 12.664
0.00796 12.661
0.00797 12.658
0.00798 12.6551
0.00799 12.6521
0.008 12.6491
0.00801 12.6461
0.00802 12.6432
0.00803 12.6402
0.00804 12.6373
0.00805 12.6344
0.00806 12.6314
0.00807 12.6285
0.00808 12.6256
0.00809 12.6227
0.0081 12.6198
0.00811 12.6169
0.00812 12.614
0.00813 12.6111
0.00814 12.6083
0.00815 12.6054
0.00816 12.6025
0.00817 12.5997
0.00818 12.5968
0.00819 12.594
0.0082 12.5911
0.00821 12.5883
0.00822 12.5855
0.00823 12.5827
0.00824 12.5798
0.00825 12.577
0.00826 12.5742
0.00827 12.5714
0.00828 12.5687
0.00829 12.5659
0.0083 12.5631
0.00831 12.5603
0.00832 12.5576
0.00833 12.5548
0.00834 12.552
0.00835 12.5493
0.00836 12.5466
0.00837 12.5438
0.00838 12.5411
0.00839 12.5384
0.0084 12.5357
0.00841 12.533
0.00842 12.5302
0.00843 12.5275
0.00844 12.5249
0.00845 12.5222
0.00846 12.5195
0.00847 12.5168
0.00848 12.5141
0.00849 12.5115
0.0085 12.5088
0.00851 12.5062
0.00852 12.5035
0.00853 12.5009
0.00854 12.4982
0.00855 12.4956
0.00856 12.493
0.00857 12.4904
0.00858 12.4878
0.00859 12.4851
0.0086 12.4825
0.00861 12.4799
0.00862 12.4774
0.00863 12.4748
0.00864 12.4722
0.00865 12.4696
0.00866 12.467
0.00867 12.4645
0.00868 12.4619
0.00869 12.4594
0.0087 12.4568
0.00871 12.4543
0.00872 12.4517
0.00873 12.4492
0.00874 12.4467
0.00875 12.4442
0.00876 12.4416
0.00877 12.4391
0.00878 12.4366
0.00879 12.4341
0.0088 12.4316
0.00881 12.4291
0.00882 12.4267
0.00883 12.4242
0.00884 12.4217
0.00885 12.4192
0.00886 12.4168
0.00887 12.4143
0.00888 12.4119
0.00889 12.4094
0.0089 12.407
0.00891 12.4045
0.00892 12.4021
0.00893 12.3997
0.00894 12.3972
0.00895 12.3948
0.00896 12.3924
0.00897 12.39
0.00898 12.3876
0.00899 12.3852
0.009 12.3828
0.00901 12.3804
0.00902 12.378
0.00903 12.3756
0.00904 12.3733
0.00905 12.3709
0.00906 12.3685
0.00907 12.3662
0.00908 12.3638
0.00909 12.3614
0.0091 12.3591
0.00911 12.3568
0.00912 12.3544
0.00913 12.3521
0.00914 12.3498
0.00915 12.3474
0.00916 12.3451
0.00917 12.3428
0.00918 12.3405
0.00919 12.3382
0.0092 12.3359
0.00921 12.3336
0.00922 12.3313
0.00923 12.329
0.00924 12.3267
0.00925 12.3244
0.00926 12.3222
0.00927 12.3199
0.00928 12.3176
0.00929 12.3154
0.0093 12.3131
0.00931 12.3109
0.00932 12.3086
0.00933 12.3064
0.00934 12.3041
0.00935 12.3019
0.00936 12.2997
0.00937 12.2975
0.00938 12.2952
0.00939 12.293
0.0094 12.2908
0.00941 12.2886
0.00942 12.2864
0.00943 12.2842
0.00944 12.282
0.00945 12.2798
0.00946 12.2776
0.00947 12.2754
0.00948 12.2733
0.00949 12.2711
0.0095 12.2689
0.00951 12.2668
0.00952 12.2646
0.00953 12.2624
0.00954 12.2603
0.00955 12.2581
0.00956 12.256
0.00957 12.2538
0.00958 12.2517
0.00959 12.2496
0.0096 12.2474
0.00961 12.2453
0.00962 12.2432
0.00963 12.2411
0.00964 12.239
0.00965 12.2369
0.00966 12.2348
0.00967 12.2327
0.00968 12.2306
0.00969 12.2285
0.0097 12.2264
0.00971 12.2243
0.00972 12.2222
0.00973 12.2201
0.00974 12.2181
0.00975 12.216
0.00976 12.2139
0.00977 12.2119
0.00978 12.2098
0.00979 12.2078
0.0098 12.2057
0.00981 12.2037
0.00982 12.2016
0.00983 12.1996
0.00984 12.1976
0.00985 12.1955
0.00986 12.1935
0.00987 12.1915
0.00988 12.1895
0.00989 12.1874
0.0099 12.1854
0.00991 12.1834
0.00992 12.1814
0.00993 12.1794
0.00994 12.1774
0.00995 12.1754
0.00996 12.1734
0.00997 12.1715
0.00998 12.1695
0.00999 12.1675
0.01 12.1655
