10 10.2109 -91.7781
10.1 10.311 -91.7906
10.2 10.411 -91.8027
10.3 10.511 -91.8144
10.4 10.611 -91.8258
10.5 10.7111 -91.8369
10.6 10.8111 -91.8477
10.7 10.9111 -91.8582
10.8 11.0111 -91.8683
10.9 11.1111 -91.8782
11 11.2111 -91.8878
11.1 11.3112 -91.8971
11.2 11.4112 -91.9062
11.3 11.5112 -91.9149
11.4 11.6112 -91.9235
11.5 11.7112 -91.9317
11.6 11.8112 -91.9398
11.7 11.9113 -91.9475
11.8 12.0113 -91.9551
11.9 12.1113 -91.9624
12 12.2113 -91.9695
12.1 12.3113 -91.9764
12.2 12.4113 -91.9831
12.3 12.5114 -91.9896
12.4 12.6114 -91.9959
12.5 12.7114 -92.002
12.6 12.8114 -92.0078
12.7 12.9114 -92.0136
12.8 13.0114 -92.0191
12.9 13.1114 -92.0244
13 13.2115 -92.0296
13.1 13.3115 -92.0346
13.2 13.4115 -92.0394
13.3 13.5115 -92.0441
13.4 13.6115 -92.0486
13.5 13.7115 -92.053
13.6 13.8115 -92.0572
13.7 13.9115 -92.0612
13.8 14.0116 -92.0651
13.9 14.1116 -92.0689
14 14.2116 -92.0725
14.1 14.3116 -92.076
14.2 14.4116 -92.0794
14.3 14.5116 -92.0826
14.4 14.6116 -92.0857
14.5 14.7116 -92.0887
14.6 14.8116 -92.0915
14.7 14.9116 -92.0942
14.8 15.0117 -92.0968
14.9 15.1117 -92.0993
15 15.2117 -92.1017
15.1 15.3117 -92.1039
15.2 15.4117 -92.1061
15.3 15.5117 -92.1081
15.4 15.6117 -92.1101
15.5 15.7117 -92.1119
15.6 15.8117 -92.1136
15.7 15.9117 -92.1153
15.8 16.0118 -92.1168
15.9 16.1118 -92.1183
16 16.2118 -92.1196
16.1 16.3118 -92.1209
16.2 16.4118 -92.122
16.3 16.5118 -92.1231
16.4 16.6118 -92.1241
16.5 16.7118 -92.125
16.6 16.8118 -92.1258
16.7 16.9118 -92.1265
16.8 17.0118 -92.1272
16.9 17.1118 -92.1277
17 17.2119 -92.1282
17.1 17.3119 -92.1286
17.2 17.4119 -92.129
17.3 17.5119 -92.1292
17.4 17.6119 -92.1294
17.5 17.7119 -92.1295
17.6 17.8119 -92.1296
17.7 17.9119 -92.1296
17.8 18.0119 -92.1295
17.9 18.1119 -92.1293
18 18.2119 -92.1291
18.1 18.3119 -92.1288
18.2 18.4119 -92.1284
18.3 18.5119 -92.128
18.4 18.612 -92.1275
18.5 18.712 -92.127
18.6 18.812 -92.1264
18.7 18.912 -92.1257
18.8 19.012 -92.125
18.9 19.112 -92.1242
19 19.212 -92.1234
19.1 19.312 -92.1225
19.2 19.412 -92.1215
19.3 19.512 -92.1205
19.4 19.612 -92.1195
19.5 19.712 -92.1184
19.6 19.812 -92.1172
19.7 19.912 -92.116
19.8 20.012 -92.1147
19.9 20.112 -92.1134
20 20.212 -92.1121
20.1 20.3121 -92.1107
20.2 20.4121 -92.1092
20.3 20.5121 -92.1077
20.4 20.6121 -92.1062
20.5 20.7121 -92.1046
20.6 20.8121 -92.1029
20.7 20.9121 -92.1013
20.8 21.0121 -92.0995
20.9 21.1121 -92.0978
21 21.2121 -92.096
21.1 21.3121 -92.0941
21.2 21.4121 -92.0922
21.3 21.5121 -92.0903
21.4 21.6121 -92.0883
21.5 21.7121 -92.0863
21.6 21.8121 -92.0843
21.7 21.9121 -92.0822
21.8 22.0121 -92.08
21.9 22.1121 -92.0779
22 22.2121 -92.0757
22.1 22.3122 -92.0734
22.2 22.4122 -92.0712
22.3 22.5122 -92.0689
22.4 22.6122 -92.0665
22.5 22.7122 -92.0642
22.6 22.8122 -92.0617
22.7 22.9122 -92.0593
22.8 23.0122 -92.0568
22.9 23.1122 -92.0543
23 23.2122 -92.0518
23.1 23.3122 -92.0492
23.2 23.4122 -92.0466
23.3 23.5122 -92.044
23.4 23.6122 -92.0413
23.5 23.7122 -92.0386
23.6 23.8122 -92.0359
23.7 23.9122 -92.0331
23.8 24.0122 -92.0304
23.9 24.1122 -92.0275
24 24.2122 -92.0247
24.1 24.3122 -92.0218
24.2 24.4122 -92.0189
24.3 24.5122 -92.016
24.4 24.6122 -92.0131
24.5 24.7123 -92.0101
24.6 24.8123 -92.0071
24.7 24.9123 -92.0041
24.8 25.0123 -92.001
24.9 25.1123 -91.9979
25 25.2123 -91.9948
25.1 25.3123 -91.9917
25.2 25.4123 -91.9885
25.3 25.5123 -91.9854
25.4 25.6123 -91.9822
25.5 25.7123 -91.9789
25.6 25.8123 -91.9757
25.7 25.9123 -91.9724
25.8 26.0123 -91.9691
25.9 26.1123 -91.9658
26 26.2123 -91.9625
26.1 26.3123 -91.9591
26.2 26.4123 -91.9557
26.3 26.5123 -91.9523
26.4 26.6123 -91.9489
26.5 26.7123 -91.9454
26.6 26.8123 -91.942
26.7 26.9123 -91.9385
26.8 27.0123 -91.935
26.9 27.1123 -91.9314
27 27.2123 -91.9279
27.1 27.3123 -91.9243
27.2 27.4123 -91.9207
27.3 27.5123 -91.9171
27.4 27.6123 -91.9135
27.5 27.7124 -91.9099
27.6 27.8124 -91.9062
27.7 27.9124 -91.9025
27.8 28.0124 -91.8988
27.9 28.1124 -91.8951
28 28.2124 -91.8913
28.1 28.3124 -91.8876
28.2 28.4124 -91.8838
28.3 28.5124 -91.88
28.4 28.6124 -91.8762
28.5 28.7124 -91.8724
28.6 28.8124 -91.8686
28.7 28.9124 -91.8647
28.8 29.0124 -91.8608
28.9 29.1124 -91.8569
29 29.2124 -91.853
29.1 29.3124 -91.8491
29.2 29.4124 -91.8452
29.3 29.5124 -91.8412
29.4 29.6124 -91.8372
29.5 29.7124 -91.8333
29.6 29.8124 -91.8293
29.7 29.9124 -91.8252
29.8 30.0124 -91.8212
29.9 30.1124 -91.8172
30 30.2124 -91.8131
30.1 30.3124 -91.809
30.2 30.4124 -91.8049
30.3 30.5124 -91.8008
30.4 30.6124 -91.7967
30.5 30.7124 -91.7926
30.6 30.8124 -91.7885
30.7 30.9124 -91.7843
30.8 31.0124 -91.7801
30.9 31.1124 -91.7759
31 31.2124 -91.7717
31.1 31.3124 -91.7675
31.2 31.4124 -91.7633
31.3 31.5125 -91.7591
31.4 31.6125 -91.7548
31.5 31.7125 -91.7506
31.6 31.8125 -91.7463
31.7 31.9125 -91.742
31.8 32.0125 -91.7377
31.9 32.1125 -91.7334
32 32.2125 -91.7291
32.1 32.3125 -91.7247
32.2 32.4125 -91.7204
32.3 32.5125 -91.716
32.4 32.6125 -91.7117
32.5 32.7125 -91.7073
32.6 32.8125 -91.7029
32.7 32.9125 -91.6985
32.8 33.0125 -91.6941
32.9 33.1125 -91.6896
33 33.2125 -91.6852
33.1 33.3125 -91.6808
33.2 33.4125 -91.6763
33.3 33.5125 -91.6718
33.4 33.6125 -91.6673
33.5 33.7125 -91.6629
33.6 33.8125 -91.6584
33.7 33.9125 -91.6538
33.8 34.0125 -91.6493
33.9 34.1125 -91.6448
34 34.2125 -91.6402
34.1 34.3125 -91.6357
34.2 34.4125 -91.6311
34.3 34.5125 -91.6266
34.4 34.6125 -91.622
34.5 34.7125 -91.6174
34.6 34.8125 -91.6128
34.7 34.9125 -91.6082
34.8 35.0125 -91.6036
34.9 35.1125 -91.5989
35 35.2125 -91.5943
35.1 35.3125 -91.5896
35.2 35.4125 -91.585
35.3 35.5125 -91.5803
35.4 35.6125 -91.5757
35.5 35.7125 -91.571
35.6 35.8125 -91.5663
35.7 35.9125 -91.5616
35.8 36.0125 -91.5569
35.9 36.1125 -91.5522
36 36.2125 -91.5474
36.1 36.3125 -91.5427
36.2 36.4125 -91.5379
36.3 36.5126 -91.5332
36.4 36.6126 -91.5284
36.5 36.7126 -91.5237
36.6 36.8126 -91.5189
36.7 36.9126 -91.5141
36.8 37.0126 -91.5093
36.9 37.1126 -91.5045
37 37.2126 -91.4997
37.1 37.3126 -91.4949
37.2 37.4126 -91.4901
37.3 37.5126 -91.4853
37.4 37.6126 -91.4804
37.5 37.7126 -91.4756
37.6 37.8126 -91.4707
37.7 37.9126 -91.4659
37.8 38.0126 -91.461
37.9 38.1126 -91.4561
38 38.2126 -91.4512
38.1 38.3126 -91.4463
38.2 38.4126 -91.4415
38.3 38.5126 -91.4366
38.4 38.6126 -91.4316
38.5 38.7126 -91.4267
38.6 38.8126 -91.4218
38.7 38.9126 -91.4169
38.8 39.0126 -91.4119
38.9 39.1126 -91.407
39 39.2126 -91.402
39.1 39.3126 -91.3971
39.2 39.4126 -91.3921
39.3 39.5126 -91.3872
39.4 39.6126 -91.3822
39.5 39.7126 -91.3772
39.6 39.8126 -91.3722
39.7 39.9126 -91.3672
39.8 40.0126 -91.3622
39.9 40.1126 -91.3572
40 40.2126 -91.3522
40.1 40.3126 -91.3472
40.2 40.4126 -91.3421
40.3 40.5126 -91.3371
40.4 40.6126 -91.3321
40.5 40.7126 -91.327
40.6 40.8126 -91.322
40.7 40.9126 -91.3169
40.8 41.0126 -91.3119
40.9 41.1126 -91.3068
41 41.2126 -91.3017
41.1 41.3126 -91.2966
41.2 41.4126 -91.2915
41.3 41.5126 -91.2865
41.4 41.6126 -91.2814
41.5 41.7126 -91.2763
41.6 41.8126 -91.2711
41.7 41.9126 -91.266
41.8 42.0126 -91.2609
41.9 42.1126 -91.2558
42 42.2126 -91.2507
42.1 42.3126 -91.2455
42.2 42.4126 -91.2404
42.3 42.5126 -91.2352
42.4 42.6126 -91.2301
42.5 42.7126 -91.2249
42.6 42.8126 -91.2198
42.7 42.9126 -91.2146
42.8 43.0126 -91.2094
42.9 43.1126 -91.2043
43 43.2126 -91.1991
43.1 43.3126 -91.1939
43.2 43.4126 -91.1887
43.3 43.5127 -91.1835
43.4 43.6127 -91.1783
43.5 43.7127 -91.1731
43.6 43.8127 -91.1679
43.7 43.9127 -91.1627
43.8 44.0127 -91.1575
43.9 44.1127 -91.1522
44 44.2127 -91.147
44.1 44.3127 -91.1418
44.2 44.4127 -91.1365
44.3 44.5127 -91.1313
44.4 44.6127 -91.1261
44.5 44.7127 -91.1208
44.6 44.8127 -91.1156
44.7 44.9127 -91.1103
44.8 45.0127 -91.105
44.9 45.1127 -91.0998
45 45.2127 -91.0945
45.1 45.3127 -91.0892
45.2 45.4127 -91.0839
45.3 45.5127 -91.0786
45.4 45.6127 -91.0734
45.5 45.7127 -91.0681
45.6 45.8127 -91.0628
45.7 45.9127 -91.0575
45.8 46.0127 -91.0521
45.9 46.1127 -91.0468
46 46.2127 -91.0415
46.1 46.3127 -91.0362
46.2 46.4127 -91.0309
46.3 46.5127 -91.0256
46.4 46.6127 -91.0202
46.5 46.7127 -91.0149
46.6 46.8127 -91.0095
46.7 46.9127 -91.0042
46.8 47.0127 -90.9989
46.9 47.1127 -90.9935
47 47.2127 -90.9882
47.1 47.3127 -90.9828
47.2 47.4127 -90.9774
47.3 47.5127 -90.9721
47.4 47.6127 -90.9667
47.5 47.7127 -90.9613
47.6 47.8127 -90.9559
47.7 47.9127 -90.9506
47.8 48.0127 -90.9452
47.9 48.1127 -90.9398
48 48.2127 -90.9344
48.1 48.3127 -90.929
48.2 48.4127 -90.9236
48.3 48.5127 -90.9182
48.4 48.6127 -90.9128
48.5 48.7127 -90.9074
48.6 48.8127 -90.902
48.7 48.9127 -90.8966
48.8 49.0127 -90.8911
48.9 49.1127 -90.8857
49 49.2127 -90.8803
49.1 49.3127 -90.8749
49.2 49.4127 -90.8694
49.3 49.5127 -90.864
49.4 49.6127 -90.8586
49.5 49.7127 -90.8531
49.6 49.8127 -90.8477
49.7 49.9127 -90.8422
49.8 50.0127 -90.8368
49.9 50.1127 -90.8313
50 50.2127 -90.8259
50.1 50.3127 -90.8204
50.2 50.4127 -90.8149
50.3 50.5127 -90.8095
50.4 50.6127 -90.804
50.5 50.7127 -90.7985
50.6 50.8127 -90.793
50.7 50.9127 -90.7876
50.8 51.0127 -90.7821
50.9 51.1127 -90.7766
51 51.2127 -90.7711
51.1 51.3127 -90.7656
51.2 51.4127 -90.7601
51.3 51.5127 -90.7546
51.4 51.6127 -90.7491
51.5 51.7127 -90.7436
51.6 51.8127 -90.7381
51.7 51.9127 -90.7326
51.8 52.0127 -90.7271
51.9 52.1127 -90.7216
52 52.2127 -90.716
52.1 52.3127 -90.7105
52.2 52.4127 -90.705
52.3 52.5127 -90.6995
52.4 52.6127 -90.6939
52.5 52.7127 -90.6884
52.6 52.8127 -90.6829
52.7 52.9127 -90.6773
52.8 53.0127 -90.6718
52.9 53.1127 -90.6663
53 53.2127 -90.6607
53.1 53.3127 -90.6552
53.2 53.4127 -90.6496
53.3 53.5127 -90.6441
53.4 53.6127 -90.6385
53.5 53.7127 -90.6329
53.6 53.8128 -90.6274
53.7 53.9128 -90.6218
53.8 54.0128 -90.6162
53.9 54.1128 -90.6107
54 54.2128 -90.6051
54.1 54.3128 -90.5995
54.2 54.4128 -90.594
54.3 54.5128 -90.5884
54.4 54.6128 -90.5828
54.5 54.7128 -90.5772
54.6 54.8128 -90.5716
54.7 54.9128 -90.566
54.8 55.0128 -90.5604
54.9 55.1128 -90.5548
55 55.2128 -90.5492
55.1 55.3128 -90.5437
55.2 55.4128 -90.538
55.3 55.5128 -90.5324
55.4 55.6128 -90.5268
55.5 55.7128 -90.5212
55.6 55.8128 -90.5156
55.7 55.9128 -90.51
55.8 56.0128 -90.5044
55.9 56.1128 -90.4988
56 56.2128 -90.4932
56.1 56.3128 -90.4875
56.2 56.4128 -90.4819
56.3 56.5128 -90.4763
56.4 56.6128 -90.4707
56.5 56.7128 -90.465
56.6 56.8128 -90.4594
56.7 56.9128 -90.4538
56.8 57.0128 -90.4481
56.9 57.1128 -90.4425
57 57.2128 -90.4368
57.1 57.3128 -90.4312
57.2 57.4128 -90.4256
57.3 57.5128 -90.4199
57.4 57.6128 -90.4143
57.5 57.7128 -90.4086
57.6 57.8128 -90.4029
57.7 57.9128 -90.3973
57.8 58.0128 -90.3916
57.9 58.1128 -90.386
58 58.2128 -90.3803
58.1 58.3128 -90.3746
58.2 58.4128 -90.369
58.3 58.5128 -90.3633
58.4 58.6128 -90.3576
58.5 58.7128 -90.352
58.6 58.8128 -90.3463
58.7 58.9128 -90.3406
58.8 59.0128 -90.3349
58.9 59.1128 -90.3293
59 59.2128 -90.3236
59.1 59.3128 -90.3179
59.2 59.4128 -90.3122
59.3 59.5128 -90.3065
59.4 59.6128 -90.3008
59.5 59.7128 -90.2951
59.6 59.8128 -90.2894
59.7 59.9128 -90.2838
59.8 60.0128 -90.2781
59.9 60.1128 -90.2724
60 60.2128 -90.2667
60.1 60.3128 -90.261
60.2 60.4128 -90.2552
60.3 60.5128 -90.2495
60.4 60.6128 -90.2438
60.5 60.7128 -90.2381
60.6 60.8128 -90.2324
60.7 60.9128 -90.2267
60.8 61.0128 -90.221
60.9 61.1128 -90.2153
61 61.2128 -90.2095
61.1 61.3128 -90.2038
61.2 61.4128 -90.1981
61.3 61.5128 -90.1924
61.4 61.6128 -90.1867
61.5 61.7128 -90.1809
61.6 61.8128 -90.1752
61.7 61.9128 -90.1695
61.8 62.0128 -90.1637
61.9 62.1128 -90.158
62 62.2128 -90.1523
62.1 62.3128 -90.1465
62.2 62.4128 -90.1408
62.3 62.5128 -90.135
62.4 62.6128 -90.1293
62.5 62.7128 -90.1236
62.6 62.8128 -90.1178
62.7 62.9128 -90.1121
62.8 63.0128 -90.1063
62.9 63.1128 -90.1006
63 63.2128 -90.0948
63.1 63.3128 -90.0891
63.2 63.4128 -90.0833
63.3 63.5128 -90.0775
63.4 63.6128 -90.0718
63.5 63.7128 -90.066
63.6 63.8128 -90.0603
63.7 63.9128 -90.0545
63.8 64.0128 -90.0487
63.9 64.1128 -90.043
64 64.2128 -90.0372
64.1 64.3128 -90.0314
64.2 64.4128 -90.0257
64.3 64.5128 -90.0199
64.4 64.6128 -90.0141
64.5 64.7128 -90.0083
64.6 64.8128 -90.0026
64.7 64.9128 -89.9968
64.8 65.0128 -89.991
64.9 65.1128 -89.9852
65 65.2128 -89.9794
65.1 65.3128 -89.9737
65.2 65.4128 -89.9679
65.3 65.5128 -89.9621
65.4 65.6128 -89.9563
65.5 65.7128 -89.9505
65.6 65.8128 -89.9447
65.7 65.9128 -89.9389
65.8 66.0128 -89.9331
65.9 66.1128 -89.9273
66 66.2128 -89.9215
66.1 66.3128 -89.9157
66.2 66.4128 -89.9099
66.3 66.5128 -89.9041
66.4 66.6128 -89.8983
66.5 66.7128 -89.8925
66.6 66.8128 -89.8867
66.7 66.9128 -89.8809
66.8 67.0128 -89.8751
66.9 67.1128 -89.8693
67 67.2128 -89.8635
67.1 67.3128 -89.8577
67.2 67.4128 -89.8519
67.3 67.5128 -89.8461
67.4 67.6128 -89.8402
67.5 67.7128 -89.8344
67.6 67.8128 -89.8286
67.7 67.9128 -89.8228
67.8 68.0128 -89.817
67.9 68.1128 -89.8111
68 68.2128 -89.8053
68.1 68.3128 -89.7995
68.2 68.4128 -89.7937
68.3 68.5128 -89.7878
68.4 68.6128 -89.782
68.5 68.7128 -89.7762
68.6 68.8128 -89.7704
68.7 68.9128 -89.7645
68.8 69.0128 -89.7587
68.9 69.1128 -89.7529
69 69.2128 -89.747
69.1 69.3128 -89.7412
69.2 69.4128 -89.7354
69.3 69.5128 -89.7295
69.4 69.6128 -89.7237
69.5 69.7128 -89.7178
69.6 69.8128 -89.712
69.7 69.9128 -89.7061
69.8 70.0128 -89.7003
69.9 70.1128 -89.6945
70 70.2128 -89.6886
70.1 70.3128 -89.6828
70.2 70.4128 -89.6769
70.3 70.5129 -89.6711
70.4 70.6129 -89.6652
70.5 70.7129 -89.6594
70.6 70.8129 -89.6535
70.7 70.9129 -89.6476
70.8 71.0129 -89.6418
70.9 71.1129 -89.6359
71 71.2129 -89.6301
71.1 71.3129 -89.6242
71.2 71.4129 -89.6183
71.3 71.5129 -89.6125
71.4 71.6129 -89.6066
71.5 71.7129 -89.6008
71.6 71.8129 -89.5949
71.7 71.9129 -89.589
71.8 72.0129 -89.5832
71.9 72.1129 -89.5773
72 72.2129 -89.5714
72.1 72.3129 -89.5656
72.2 72.4129 -89.5597
72.3 72.5129 -89.5538
72.4 72.6129 -89.5479
72.5 72.7129 -89.5421
72.6 72.8129 -89.5362
72.7 72.9129 -89.5303
72.8 73.0129 -89.5244
72.9 73.1129 -89.5185
73 73.2129 -89.5127
73.1 73.3129 -89.5068
73.2 73.4129 -89.5009
73.3 73.5129 -89.495
73.4 73.6129 -89.4891
73.5 73.7129 -89.4833
73.6 73.8129 -89.4774
73.7 73.9129 -89.4715
73.8 74.0129 -89.4656
73.9 74.1129 -89.4597
74 74.2129 -89.4538
74.1 74.3129 -89.4479
74.2 74.4129 -89.442
74.3 74.5129 -89.4361
74.4 74.6129 -89.4302
74.5 74.7129 -89.4243
74.6 74.8129 -89.4185
74.7 74.9129 -89.4126
74.8 75.0129 -89.4067
74.9 75.1129 -89.4008
75 75.2129 -89.3949
75.1 75.3129 -89.389
75.2 75.4129 -89.3831
75.3 75.5129 -89.3772
75.4 75.6129 -89.3712
75.5 75.7129 -89.3653
75.6 75.8129 -89.3594
75.7 75.9129 -89.3535
75.8 76.0129 -89.3476
75.9 76.1129 -89.3417
76 76.2129 -89.3358
76.1 76.3129 -89.3299
76.2 76.4129 -89.324
76.3 76.5129 -89.3181
76.4 76.6129 -89.3122
76.5 76.7129 -89.3063
76.6 76.8129 -89.3003
76.7 76.9129 -89.2944
76.8 77.0129 -89.2885
76.9 77.1129 -89.2826
77 77.2129 -89.2767
77.1 77.3129 -89.2708
77.2 77.4129 -89.2648
77.3 77.5129 -89.2589
77.4 77.6129 -89.253
77.5 77.7129 -89.2471
77.6 77.8129 -89.2411
77.7 77.9129 -89.2352
77.8 78.0129 -89.2293
77.9 78.1129 -89.2234
78 78.2129 -89.2174
78.1 78.3129 -89.2115
78.2 78.4129 -89.2056
78.3 78.5129 -89.1997
78.4 78.6129 -89.1937
78.5 78.7129 -89.1878
78.6 78.8129 -89.1819
78.7 78.9129 -89.1759
78.8 79.0129 -89.17
78.9 79.1129 -89.1641
79 79.2129 -89.1581
79.1 79.3129 -89.1522
79.2 79.4129 -89.1463
79.3 79.5129 -89.1403
79.4 79.6129 -89.1344
79.5 79.7129 -89.1285
79.6 79.8129 -89.1225
79.7 79.9129 -89.1166
79.8 80.0129 -89.1106
79.9 80.1129 -89.1047
80 80.2129 -89.0987
80.1 80.3129 -89.0928
80.2 80.4129 -89.0869
80.3 80.5129 -89.0809
80.4 80.6129 -89.075
80.5 80.7129 -89.069
80.6 80.8129 -89.0631
80.7 80.9129 -89.0571
80.8 81.0129 -89.0512
80.9 81.1129 -89.0452
81 81.2129 -89.0393
81.1 81.3129 -89.0333
81.2 81.4129 -89.0274
81.3 81.5129 -89.0214
81.4 81.6129 -89.0155
81.5 81.7129 -89.0095
81.6 81.8129 -89.0036
81.7 81.9129 -88.9976
81.8 82.0129 -88.9917
81.9 82.1129 -88.9857
82 82.2129 -88.9797
82.1 82.3129 -88.9738
82.2 82.4129 -88.9678
82.3 82.5129 -88.9619
82.4 82.6129 -88.9559
82.5 82.7129 -88.9499
82.6 82.8129 -88.944
82.7 82.9129 -88.938
82.8 83.0129 -88.9321
82.9 83.1129 -88.9261
83 83.2129 -88.9201
83.1 83.3129 -88.9142
83.2 83.4129 -88.9082
83.3 83.5129 -88.9022
83.4 83.6129 -88.8963
83.5 83.7129 -88.8903
83.6 83.8129 -88.8843
83.7 83.9129 -88.8784
83.8 84.0129 -88.8724
83.9 84.1129 -88.8664
84 84.2129 -88.8604
84.1 84.3129 -88.8545
84.2 84.4129 -88.8485
84.3 84.5129 -88.8425
84.4 84.6129 -88.8365
84.5 84.7129 -88.8306
84.6 84.8129 -88.8246
84.7 84.9129 -88.8186
84.8 85.0129 -88.8126
84.9 85.1129 -88.8067
85 85.2129 -88.8007
85.1 85.3129 -88.7947
85.2 85.4129 -88.7887
85.3 85.5129 -88.7827
85.4 85.6129 -88.7768
85.5 85.7129 -88.7708
85.6 85.8129 -88.7648
85.7 85.9129 -88.7588
85.8 86.0129 -88.7528
85.9 86.1129 -88.7469
86 86.2129 -88.7409
86.1 86.3129 -88.7349
86.2 86.4129 -88.7289
86.3 86.5129 -88.7229
86.4 86.6129 -88.7169
86.5 86.7129 -88.7109
86.6 86.8129 -88.705
86.7 86.9129 -88.699
86.8 87.0129 -88.693
86.9 87.1129 -88.687
87 87.2129 -88.681
87.1 87.3129 -88.675
87.2 87.4129 -88.669
87.3 87.5129 -88.663
87.4 87.6129 -88.657
87.5 87.7129 -88.651
87.6 87.8129 -88.645
87.7 87.9129 -88.639
87.8 88.0129 -88.633
87.9 88.1129 -88.6271
88 88.2129 -88.6211
88.1 88.3129 -88.6151
88.2 88.4129 -88.6091
88.3 88.5129 -88.6031
88.4 88.6129 -88.5971
88.5 88.7129 -88.5911
88.6 88.8129 -88.5851
88.7 88.9129 -88.5791
88.8 89.0129 -88.5731
88.9 89.1129 -88.5671
89 89.2129 -88.5611
89.1 89.3129 -88.5551
89.2 89.4129 -88.5491
89.3 89.5129 -88.543
89.4 89.6129 -88.537
89.5 89.7129 -88.531
89.6 89.8129 -88.525
89.7 89.9129 -88.519
89.8 90.0129 -88.513
89.9 90.1129 -88.507
90 90.2129 -88.501
90.1 90.3129 -88.495
90.2 90.4129 -88.489
90.3 90.5129 -88.483
90.4 90.6129 -88.477
90.5 90.7129 -88.471
90.6 90.8129 -88.4649
90.7 90.9129 -88.4589
90.8 91.0129 -88.4529
90.9 91.1129 -88.4469
91 91.2129 -88.4409
91.1 91.3129 -88.4349
91.2 91.4129 -88.4289
91.3 91.5129 -88.4229
91.4 91.6129 -88.4168
91.5 91.7129 -88.4108
91.6 91.8129 -88.4048
91.7 91.9129 -88.3988
91.8 92.0129 -88.3928
91.9 92.1129 -88.3868
92 92.2129 -88.3807
92.1 92.3129 -88.3747
92.2 92.4129 -88.3687
92.3 92.5129 -88.3627
92.4 92.6129 -88.3567
92.5 92.7129 -88.3506
92.6 92.8129 -88.3446
92.7 92.9129 -88.3386
92.8 93.0129 -88.3326
92.9 93.1129 -88.3265
93 93.2129 -88.3205
93.1 93.3129 -88.3145
93.2 93.4129 -88.3085
93.3 93.5129 -88.3024
93.4 93.6129 -88.2964
93.5 93.7129 -88.2904
93.6 93.8129 -88.2844
93.7 93.9129 -88.2783
93.8 94.0129 -88.2723
93.9 94.1129 -88.2663
94 94.2129 -88.2603
94.1 94.3129 -88.2542
94.2 94.4129 -88.2482
94.3 94.5129 -88.2422
94.4 94.6129 -88.2361
94.5 94.7129 -88.2301
94.6 94.8129 -88.2241
94.7 94.9129 -88.218
94.8 95.0129 -88.212
94.9 95.1129 -88.206
95 95.2129 -88.1999
95.1 95.3129 -88.1939
95.2 95.4129 -88.1879
95.3 95.5129 -88.1818
95.4 95.6129 -88.1758
95.5 95.7129 -88.1698
95.6 95.8129 -88.1637
95.7 95.9129 -88.1577
95.8 96.0129 -88.1517
95.9 96.1129 -88.1456
96 96.2129 -88.1396
96.1 96.3129 -88.1336
96.2 96.4129 -88.1275
96.3 96.5129 -88.1215
96.4 96.6129 -88.1154
96.5 96.7129 -88.1094
96.6 96.8129 -88.1034
96.7 96.9129 -88.0973
96.8 97.0129 -88.0913
96.9 97.1129 -88.0852
97 97.2129 -88.0792
97.1 97.3129 -88.0731
97.2 97.4129 -88.0671
97.3 97.5129 -88.0611
97.4 97.6129 -88.055
97.5 97.7129 -88.049
97.6 97.8129 -88.0429
97.7 97.9129 -88.0369
97.8 98.0129 -88.0308
97.9 98.1129 -88.0248
98 98.2129 -88.0187
98.1 98.3129 -88.0127
98.2 98.4129 -88.0067
98.3 98.5129 -88.0006
98.4 98.6129 -87.9946
98.5 98.7129 -87.9885
98.6 98.8129 -87.9825
98.7 98.9129 -87.9764
98.8 99.0129 -87.9704
98.9 99.1129 -87.9643
99 99.2129 -87.9583
99.1 99.3129 -87.9522
99.2 99.4129 -87.9462
99.3 99.5129 -87.9401
99.4 99.6129 -87.9341
99.5 99.7129 -87.928
99.6 99.8129 -87.9219
99.7 99.9129 -87.9159
99.8 100.013 -87.9098
99.9 100.113 -87.9038
100 100.213 -87.8977
100.1 100.313 -87.8917
100.2 100.413 -87.8856
100.3 100.513 -87.8796
100.4 100.613 -87.8735
100.5 100.713 -87.8675
100.6 100.813 -87.8614
100.7 100.913 -87.8553
100.8 101.013 -87.8493
100.9 101.113 -87.8432
101 101.213 -87.8372
101.1 101.313 -87.8311
101.2 101.413 -87.825
101.3 101.513 -87.819
101.4 101.613 -87.8129
101.5 101.713 -87.8069
101.6 101.813 -87.8008
101.7 101.913 -87.7947
101.8 102.013 -87.7887
101.9 102.113 -87.7826
102 102.213 -87.7766
102.1 102.313 -87.7705
102.2 102.413 -87.7644
102.3 102.513 -87.7584
102.4 102.613 -87.7523
102.5 102.713 -87.7462
102.6 102.813 -87.7402
102.7 102.913 -87.7341
102.8 103.013 -87.728
102.9 103.113 -87.722
103 103.213 -87.7159
103.1 103.313 -87.7098
103.2 103.413 -87.7038
103.3 103.513 -87.6977
103.4 103.613 -87.6916
103.5 103.713 -87.6856
103.6 103.813 -87.6795
103.7 103.913 -87.6734
103.8 104.013 -87.6674
103.9 104.113 -87.6613
104 104.213 -87.6552
104.1 104.313 -87.6492
104.2 104.413 -87.6431
104.3 104.513 -87.637
104.4 104.613 -87.6309
104.5 104.713 -87.6249
104.6 104.813 -87.6188
104.7 104.913 -87.6127
104.8 105.013 -87.6067
104.9 105.113 -87.6006
105 105.213 -87.5945
105.1 105.313 -87.5884
105.2 105.413 -87.5824
105.3 105.513 -87.5763
105.4 105.613 -87.5702
105.5 105.713 -87.5641
105.6 105.813 -87.5581
105.7 105.913 -87.552
105.8 106.013 -87.5459
105.9 106.113 -87.5398
106 106.213 -87.5338
106.1 106.313 -87.5277
106.2 106.413 -87.5216
106.3 106.513 -87.5155
106.4 106.613 -87.5095
106.5 106.713 -87.5034
106.6 106.813 -87.4973
106.7 106.913 -87.4912
106.8 107.013 -87.4851
106.9 107.113 -87.4791
107 107.213 -87.473
107.1 107.313 -87.4669
107.2 107.413 -87.4608
107.3 107.513 -87.4547
107.4 107.613 -87.4487
107.5 107.713 -87.4426
107.6 107.813 -87.4365
107.7 107.913 -87.4304
107.8 108.013 -87.4243
107.9 108.113 -87.4182
108 108.213 -87.4122
108.1 108.313 -87.4061
108.2 108.413 -87.4
108.3 108.513 -87.3939
108.4 108.613 -87.3878
108.5 108.713 -87.3817
108.6 108.813 -87.3757
108.7 108.913 -87.3696
108.8 109.013 -87.3635
108.9 109.113 -87.3574
109 109.213 -87.3513
109.1 109.313 -87.3452
109.2 109.413 -87.3391
109.3 109.513 -87.3331
109.4 109.613 -87.327
109.5 109.713 -87.3209
109.6 109.813 -87.3148
109.7 109.913 -87.3087
109.8 110.013 -87.3026
109.9 110.113 -87.2965
110 110.213 -87.2904
110.1 110.313 -87.2843
110.2 110.413 -87.2783
110.3 110.513 -87.2722
110.4 110.613 -87.2661
110.5 110.713 -87.26
110.6 110.813 -87.2539
110.7 110.913 -87.2478
110.8 111.013 -87.2417
110.9 111.113 -87.2356
111 111.213 -87.2295
111.1 111.313 -87.2234
111.2 111.413 -87.2173
111.3 111.513 -87.2112
111.4 111.613 -87.2052
111.5 111.713 -87.1991
111.6 111.813 -87.193
111.7 111.913 -87.1869
111.8 112.013 -87.1808
111.9 112.113 -87.1747
112 112.213 -87.1686
112.1 112.313 -87.1625
112.2 112.413 -87.1564
112.3 112.513 -87.1503
112.4 112.613 -87.1442
112.5 112.713 -87.1381
112.6 112.813 -87.132
112.7 112.913 -87.1259
112.8 113.013 -87.1198
112.9 113.113 -87.1137
113 113.213 -87.1076
113.1 113.313 -87.1015
113.2 113.413 -87.0954
113.3 113.513 -87.0893
113.4 113.613 -87.0832
113.5 113.713 -87.0771
113.6 113.813 -87.071
113.7 113.913 -87.0649
113.8 114.013 -87.0588
113.9 114.113 -87.0527
114 114.213 -87.0466
114.1 114.313 -87.0405
114.2 114.413 -87.0344
114.3 114.513 -87.0283
114.4 114.613 -87.0222
114.5 114.713 -87.0161
114.6 114.813 -87.01
114.7 114.913 -87.0039
114.8 115.013 -86.9978
114.9 115.113 -86.9917
115 115.213 -86.9856
115.1 115.313 -86.9795
115.2 115.413 -86.9734
115.3 115.513 -86.9673
115.4 115.613 -86.9612
115.5 115.713 -86.9551
115.6 115.813 -86.949
115.7 115.913 -86.9429
115.8 116.013 -86.9368
115.9 116.113 -86.9307
116 116.213 -86.9246
116.1 116.313 -86.9185
116.2 116.413 -86.9123
116.3 116.513 -86.9062
116.4 116.613 -86.9001
116.5 116.713 -86.894
116.6 116.813 -86.8879
116.7 116.913 -86.8818
116.8 117.013 -86.8757
116.9 117.113 -86.8696
117 117.213 -86.8635
117.1 117.313 -86.8574
117.2 117.413 -86.8513
117.3 117.513 -86.8452
117.4 117.613 -86.839
117.5 117.713 -86.8329
117.6 117.813 -86.8268
117.7 117.913 -86.8207
117.8 118.013 -86.8146
117.9 118.113 -86.8085
118 118.213 -86.8024
118.1 118.313 -86.7963
118.2 118.413 -86.7902
118.3 118.513 -86.7841
118.4 118.613 -86.7779
118.5 118.713 -86.7718
118.6 118.813 -86.7657
118.7 118.913 -86.7596
118.8 119.013 -86.7535
118.9 119.113 -86.7474
119 119.213 -86.7413
119.1 119.313 -86.7351
119.2 119.413 -86.729
119.3 119.513 -86.7229
119.4 119.613 -86.7168
119.5 119.713 -86.7107
119.6 119.813 -86.7046
119.7 119.913 -86.6985
119.8 120.013 -86.6923
119.9 120.113 -86.6862
120 120.213 -86.6801
120.1 120.313 -86.674
120.2 120.413 -86.6679
120.3 120.513 -86.6618
120.4 120.613 -86.6557
120.5 120.713 -86.6495
120.6 120.813 -86.6434
120.7 120.913 -86.6373
120.8 121.013 -86.6312
120.9 121.113 -86.6251
121 121.213 -86.6189
121.1 121.313 -86.6128
121.2 121.413 -86.6067
121.3 121.513 -86.6006
121.4 121.613 -86.5945
121.5 121.713 -86.5884
121.6 121.813 -86.5822
121.7 121.913 -86.5761
121.8 122.013 -86.57
121.9 122.113 -86.5639
122 122.213 -86.5578
122.1 122.313 -86.5516
122.2 122.413 -86.5455
122.3 122.513 -86.5394
122.4 122.613 -86.5333
122.5 122.713 -86.5272
122.6 122.813 -86.521
122.7 122.913 -86.5149
122.8 123.013 -86.5088
122.9 123.113 -86.5027
123 123.213 -86.4965
123.1 123.313 -86.4904
123.2 123.413 -86.4843
123.3 123.513 -86.4782
123.4 123.613 -86.4721
123.5 123.713 -86.4659
123.6 123.813 -86.4598
123.7 123.913 -86.4537
123.8 124.013 -86.4476
123.9 124.113 -86.4414
124 124.213 -86.4353
124.1 124.313 -86.4292
124.2 124.413 -86.4231
124.3 124.513 -86.4169
124.4 124.613 -86.4108
124.5 124.713 -86.4047
124.6 124.813 -86.3986
124.7 124.913 -86.3924
124.8 125.013 -86.3863
124.9 125.113 -86.3802
125 125.213 -86.3741
125.1 125.313 -86.3679
125.2 125.413 -86.3618
125.3 125.513 -86.3557
125.4 125.613 -86.3495
125.5 125.713 -86.3434
125.6 125.813 -86.3373
125.7 125.913 -86.3312
125.8 126.013 -86.325
125.9 126.113 -86.3189
126 126.213 -86.3128
126.1 126.313 -86.3066
126.2 126.413 -86.3005
126.3 126.513 -86.2944
126.4 126.613 -86.2883
126.5 126.713 -86.2821
126.6 126.813 -86.276
126.7 126.913 -86.2699
126.8 127.013 -86.2637
126.9 127.113 -86.2576
127 127.213 -86.2515
127.1 127.313 -86.2453
127.2 127.413 -86.2392
127.3 127.513 -86.2331
127.4 127.613 -86.227
127.5 127.713 -86.2208
127.6 127.813 -86.2147
127.7 127.913 -86.2086
127.8 128.013 -86.2024
127.9 128.113 -86.1963
128 128.213 -86.1902
128.1 128.313 -86.184
128.2 128.413 -86.1779
128.3 128.513 -86.1718
128.4 128.613 -86.1656
128.5 128.713 -86.1595
128.6 128.813 -86.1534
128.7 128.913 -86.1472
128.8 129.013 -86.1411
128.9 129.113 -86.135
129 129.213 -86.1288
129.1 129.313 -86.1227
129.2 129.413 -86.1166
129.3 129.513 -86.1104
129.4 129.613 -86.1043
129.5 129.713 -86.0982
129.6 129.813 -86.092
129.7 129.913 -86.0859
129.8 130.013 -86.0797
129.9 130.113 -86.0736
130 130.213 -86.0675
130.1 130.313 -86.0613
130.2 130.413 -86.0552
130.3 130.513 -86.0491
130.4 130.613 -86.0429
130.5 130.713 -86.0368
130.6 130.813 -86.0307
130.7 130.913 -86.0245
130.8 131.013 -86.0184
130.9 131.113 -86.0122
131 131.213 -86.0061
131.1 131.313 -86
131.2 131.413 -85.9938
131.3 131.513 -85.9877
131.4 131.613 -85.9815
131.5 131.713 -85.9754
131.6 131.813 -85.9693
131.7 131.913 -85.9631
131.8 132.013 -85.957
131.9 132.113 -85.9509
132 132.213 -85.9447
132.1 132.313 -85.9386
132.2 132.413 -85.9324
132.3 132.513 -85.9263
132.4 132.613 -85.9202
132.5 132.713 -85.914
132.6 132.813 -85.9079
132.7 132.913 -85.9017
132.8 133.013 -85.8956
132.9 133.113 -85.8894
133 133.213 -85.8833
133.1 133.313 -85.8772
133.2 133.413 -85.871
133.3 133.513 -85.8649
133.4 133.613 -85.8587
133.5 133.713 -85.8526
133.6 133.813 -85.8465
133.7 133.913 -85.8403
133.8 134.013 -85.8342
133.9 134.113 -85.828
134 134.213 -85.8219
134.1 134.313 -85.8157
134.2 134.413 -85.8096
134.3 134.513 -85.8035
134.4 134.613 -85.7973
134.5 134.713 -85.7912
134.6 134.813 -85.785
134.7 134.913 -85.7789
134.8 135.013 -85.7727
134.9 135.113 -85.7666
135 135.213 -85.7604
135.1 135.313 -85.7543
135.2 135.413 -85.7482
135.3 135.513 -85.742
135.4 135.613 -85.7359
135.5 135.713 -85.7297
135.6 135.813 -85.7236
135.7 135.913 -85.7174
135.8 136.013 -85.7113
135.9 136.113 -85.7051
136 136.213 -85.699
136.1 136.313 -85.6928
136.2 136.413 -85.6867
136.3 136.513 -85.6805
136.4 136.613 -85.6744
136.5 136.713 -85.6682
136.6 136.813 -85.6621
136.7 136.913 -85.656
136.8 137.013 -85.6498
136.9 137.113 -85.6437
137 137.213 -85.6375
137.1 137.313 -85.6314
137.2 137.413 -85.6252
137.3 137.513 -85.6191
137.4 137.613 -85.6129
137.5 137.713 -85.6068
137.6 137.813 -85.6006
137.7 137.913 -85.5945
137.8 138.013 -85.5883
137.9 138.113 -85.5822
138 138.213 -85.576
138.1 138.313 -85.5699
138.2 138.413 -85.5637
138.3 138.513 -85.5576
138.4 138.613 -85.5514
138.5 138.713 -85.5453
138.6 138.813 -85.5391
138.7 138.913 -85.533
138.8 139.013 -85.5268
138.9 139.113 -85.5207
139 139.213 -85.5145
139.1 139.313 -85.5084
139.2 139.413 -85.5022
139.3 139.513 -85.4961
139.4 139.613 -85.4899
139.5 139.713 -85.4838
139.6 139.813 -85.4776
139.7 139.913 -85.4715
139.8 140.013 -85.4653
139.9 140.113 -85.4592
140 140.213 -85.453
140.1 140.313 -85.4468
140.2 140.413 -85.4407
140.3 140.513 -85.4345
140.4 140.613 -85.4284
140.5 140.713 -85.4222
140.6 140.813 -85.4161
140.7 140.913 -85.4099
140.8 141.013 -85.4038
140.9 141.113 -85.3976
141 141.213 -85.3915
141.1 141.313 -85.3853
141.2 141.413 -85.3792
141.3 141.513 -85.373
141.4 141.613 -85.3669
141.5 141.713 -85.3607
141.6 141.813 -85.3545
141.7 141.913 -85.3484
141.8 142.013 -85.3422
141.9 142.113 -85.3361
142 142.213 -85.3299
142.1 142.313 -85.3238
142.2 142.413 -85.3176
142.3 142.513 -85.3115
142.4 142.613 -85.3053
142.5 142.713 -85.2991
142.6 142.813 -85.293
142.7 142.913 -85.2868
142.8 143.013 -85.2807
142.9 143.113 -85.2745
143 143.213 -85.2684
143.1 143.313 -85.2622
143.2 143.413 -85.256
143.3 143.513 -85.2499
143.4 143.613 -85.2437
143.5 143.713 -85.2376
143.6 143.813 -85.2314
143.7 143.913 -85.2253
143.8 144.013 -85.2191
143.9 144.113 -85.2129
144 144.213 -85.2068
144.1 144.313 -85.2006
144.2 144.413 -85.1945
144.3 144.513 -85.1883
144.4 144.613 -85.1822
144.5 144.713 -85.176
144.6 144.813 -85.1698
144.7 144.913 -85.1637
144.8 145.013 -85.1575
144.9 145.113 -85.1514
145 145.213 -85.1452
145.1 145.313 -85.139
145.2 145.413 -85.1329
145.3 145.513 -85.1267
145.4 145.613 -85.1206
145.5 145.713 -85.1144
145.6 145.813 -85.1082
145.7 145.913 -85.1021
145.8 146.013 -85.0959
145.9 146.113 -85.0898
146 146.213 -85.0836
146.1 146.313 -85.0774
146.2 146.413 -85.0713
146.3 146.513 -85.0651
146.4 146.613 -85.059
146.5 146.713 -85.0528
146.6 146.813 -85.0466
146.7 146.913 -85.0405
146.8 147.013 -85.0343
146.9 147.113 -85.0281
147 147.213 -85.022
147.1 147.313 -85.0158
147.2 147.413 -85.0097
147.3 147.513 -85.0035
147.4 147.613 -84.9973
147.5 147.713 -84.9912
147.6 147.813 -84.985
147.7 147.913 -84.9788
147.8 148.013 -84.9727
147.9 148.113 -84.9665
148 148.213 -84.9604
148.1 148.313 -84.9542
148.2 148.413 -84.948
148.3 148.513 -84.9419
148.4 148.613 -84.9357
148.5 148.713 -84.9295
148.6 148.813 -84.9234
148.7 148.913 -84.9172
148.8 149.013 -84.911
148.9 149.113 -84.9049
149 149.213 -84.8987
149.1 149.313 -84.8926
149.2 149.413 -84.8864
149.3 149.513 -84.8802
149.4 149.613 -84.8741
149.5 149.713 -84.8679
149.6 149.813 -84.8617
149.7 149.913 -84.8556
149.8 150.013 -84.8494
149.9 150.113 -84.8432
150 150.213 -84.8371
150.1 150.313 -84.8309
150.2 150.413 -84.8247
150.3 150.513 -84.8186
150.4 150.613 -84.8124
150.5 150.713 -84.8062
150.6 150.813 -84.8001
150.7 150.913 -84.7939
150.8 151.013 -84.7877
150.9 151.113 -84.7816
151 151.213 -84.7754
151.1 151.313 -84.7692
151.2 151.413 -84.7631
151.3 151.513 -84.7569
151.4 151.613 -84.7507
151.5 151.713 -84.7446
151.6 151.813 -84.7384
151.7 151.913 -84.7322
151.8 152.013 -84.7261
151.9 152.113 -84.7199
152 152.213 -84.7137
152.1 152.313 -84.7076
152.2 152.413 -84.7014
152.3 152.513 -84.6952
152.4 152.613 -84.6891
152.5 152.713 -84.6829
152.6 152.813 -84.6767
152.7 152.913 -84.6706
152.8 153.013 -84.6644
152.9 153.113 -84.6582
153 153.213 -84.652
153.1 153.313 -84.6459
153.2 153.413 -84.6397
153.3 153.513 -84.6335
153.4 153.613 -84.6274
153.5 153.713 -84.6212
153.6 153.813 -84.615
153.7 153.913 -84.6089
153.8 154.013 -84.6027
153.9 154.113 -84.5965
154 154.213 -84.5903
154.1 154.313 -84.5842
154.2 154.413 -84.578
154.3 154.513 -84.5718
154.4 154.613 -84.5657
154.5 154.713 -84.5595
154.6 154.813 -84.5533
154.7 154.913 -84.5472
154.8 155.013 -84.541
154.9 155.113 -84.5348
155 155.213 -84.5286
155.1 155.313 -84.5225
155.2 155.413 -84.5163
155.3 155.513 -84.5101
155.4 155.613 -84.504
155.5 155.713 -84.4978
155.6 155.813 -84.4916
155.7 155.913 -84.4854
155.8 156.013 -84.4793
155.9 156.113 -84.4731
156 156.213 -84.4669
156.1 156.313 -84.4607
156.2 156.413 -84.4546
156.3 156.513 -84.4484
156.4 156.613 -84.4422
156.5 156.713 -84.4361
156.6 156.813 -84.4299
156.7 156.913 -84.4237
156.8 157.013 -84.4175
156.9 157.113 -84.4114
157 157.213 -84.4052
157.1 157.313 -84.399
157.2 157.413 -84.3928
157.3 157.513 -84.3867
157.4 157.613 -84.3805
157.5 157.713 -84.3743
157.6 157.813 -84.3681
157.7 157.913 -84.362
157.8 158.013 -84.3558
157.9 158.113 -84.3496
158 158.213 -84.3435
158.1 158.313 -84.3373
158.2 158.413 -84.3311
158.3 158.513 -84.3249
158.4 158.613 -84.3188
158.5 158.713 -84.3126
158.6 158.813 -84.3064
158.7 158.913 -84.3002
158.8 159.013 -84.2941
158.9 159.113 -84.2879
159 159.213 -84.2817
159.1 159.313 -84.2755
159.2 159.413 -84.2694
159.3 159.513 -84.2632
159.4 159.613 -84.257
159.5 159.713 -84.2508
159.6 159.813 -84.2446
159.7 159.913 -84.2385
159.8 160.013 -84.2323
159.9 160.113 -84.2261
160 160.213 -84.2199
160.1 160.313 -84.2138
160.2 160.413 -84.2076
160.3 160.513 -84.2014
160.4 160.613 -84.1952
160.5 160.713 -84.1891
160.6 160.813 -84.1829
160.7 160.913 -84.1767
160.8 161.013 -84.1705
160.9 161.113 -84.1643
161 161.213 -84.1582
161.1 161.313 -84.152
161.2 161.413 -84.1458
161.3 161.513 -84.1396
161.4 161.613 -84.1335
161.5 161.713 -84.1273
161.6 161.813 -84.1211
161.7 161.913 -84.1149
161.8 162.013 -84.1087
161.9 162.113 -84.1026
162 162.213 -84.0964
162.1 162.313 -84.0902
162.2 162.413 -84.084
162.3 162.513 -84.0779
162.4 162.613 -84.0717
162.5 162.713 -84.0655
162.6 162.813 -84.0593
162.7 162.913 -84.0531
162.8 163.013 -84.047
162.9 163.113 -84.0408
163 163.213 -84.0346
163.1 163.313 -84.0284
163.2 163.413 -84.0222
163.3 163.513 -84.0161
163.4 163.613 -84.0099
163.5 163.713 -84.0037
163.6 163.813 -83.9975
163.7 163.913 -83.9913
163.8 164.013 -83.9852
163.9 164.113 -83.979
164 164.213 -83.9728
164.1 164.313 -83.9666
164.2 164.413 -83.9604
164.3 164.513 -83.9543
164.4 164.613 -83.9481
164.5 164.713 -83.9419
164.6 164.813 -83.9357
164.7 164.913 -83.9295
164.8 165.013 -83.9234
164.9 165.113 -83.9172
165 165.213 -83.911
165.1 165.313 -83.9048
165.2 165.413 -83.8986
165.3 165.513 -83.8925
165.4 165.613 -83.8863
165.5 165.713 -83.8801
165.6 165.813 -83.8739
165.7 165.913 -83.8677
165.8 166.013 -83.8615
165.9 166.113 -83.8554
166 166.213 -83.8492
166.1 166.313 -83.843
166.2 166.413 -83.8368
166.3 166.513 -83.8306
166.4 166.613 -83.8245
166.5 166.713 -83.8183
166.6 166.813 -83.8121
166.7 166.913 -83.8059
166.8 167.013 -83.7997
166.9 167.113 -83.7935
167 167.213 -83.7874
167.1 167.313 -83.7812
167.2 167.413 -83.775
167.3 167.513 -83.7688
167.4 167.613 -83.7626
167.5 167.713 -83.7564
167.6 167.813 -83.7503
167.7 167.913 -83.7441
167.8 168.013 -83.7379
167.9 168.113 -83.7317
168 168.213 -83.7255
168.1 168.313 -83.7193
168.2 168.413 -83.7132
168.3 168.513 -83.707
168.4 168.613 -83.7008
168.5 168.713 -83.6946
168.6 168.813 -83.6884
168.7 168.913 -83.6822
168.8 169.013 -83.6761
168.9 169.113 -83.6699
169 169.213 -83.6637
169.1 169.313 -83.6575
169.2 169.413 -83.6513
169.3 169.513 -83.6451
169.4 169.613 -83.6389
169.5 169.713 -83.6328
169.6 169.813 -83.6266
169.7 169.913 -83.6204
169.8 170.013 -83.6142
169.9 170.113 -83.608
170 170.213 -83.6018
170.1 170.313 -83.5957
170.2 170.413 -83.5895
170.3 170.513 -83.5833
170.4 170.613 -83.5771
170.5 170.713 -83.5709
170.6 170.813 -83.5647
170.7 170.913 -83.5585
170.8 171.013 -83.5524
170.9 171.113 -83.5462
171 171.213 -83.54
171.1 171.313 -83.5338
171.2 171.413 -83.5276
171.3 171.513 -83.5214
171.4 171.613 -83.5152
171.5 171.713 -83.509
171.6 171.813 -83.5029
171.7 171.913 -83.4967
171.8 172.013 -83.4905
171.9 172.113 -83.4843
172 172.213 -83.4781
172.1 172.313 -83.4719
172.2 172.413 -83.4657
172.3 172.513 -83.4596
172.4 172.613 -83.4534
172.5 172.713 -83.4472
172.6 172.813 -83.441
172.7 172.913 -83.4348
172.8 173.013 -83.4286
172.9 173.113 -83.4224
173 173.213 -83.4162
173.1 173.313 -83.4101
173.2 173.413 -83.4039
173.3 173.513 -83.3977
173.4 173.613 -83.3915
173.5 173.713 -83.3853
173.6 173.813 -83.3791
173.7 173.913 -83.3729
173.8 174.013 -83.3667
173.9 174.113 -83.3605
174 174.213 -83.3544
174.1 174.313 -83.3482
174.2 174.413 -83.342
174.3 174.513 -83.3358
174.4 174.613 -83.3296
174.5 174.713 -83.3234
174.6 174.813 -83.3172
174.7 174.913 -83.311
174.8 175.013 -83.3048
174.9 175.113 -83.2987
175 175.213 -83.2925
175.1 175.313 -83.2863
175.2 175.413 -83.2801
175.3 175.513 -83.2739
175.4 175.613 -83.2677
175.5 175.713 -83.2615
175.6 175.813 -83.2553
175.7 175.913 -83.2491
175.8 176.013 -83.243
175.9 176.113 -83.2368
176 176.213 -83.2306
176.1 176.313 -83.2244
176.2 176.413 -83.2182
176.3 176.513 -83.212
176.4 176.613 -83.2058
176.5 176.713 -83.1996
176.6 176.813 -83.1934
176.7 176.913 -83.1872
176.8 177.013 -83.181
176.9 177.113 -83.1749
177 177.213 -83.1687
177.1 177.313 -83.1625
177.2 177.413 -83.1563
177.3 177.513 -83.1501
177.4 177.613 -83.1439
177.5 177.713 -83.1377
177.6 177.813 -83.1315
177.7 177.913 -83.1253
177.8 178.013 -83.1191
177.9 178.113 -83.1129
178 178.213 -83.1068
178.1 178.313 -83.1006
178.2 178.413 -83.0944
178.3 178.513 -83.0882
178.4 178.613 -83.082
178.5 178.713 -83.0758
178.6 178.813 -83.0696
178.7 178.913 -83.0634
178.8 179.013 -83.0572
178.9 179.113 -83.051
179 179.213 -83.0448
179.1 179.313 -83.0386
179.2 179.413 -83.0325
179.3 179.513 -83.0263
179.4 179.613 -83.0201
179.5 179.713 -83.0139
179.6 179.813 -83.0077
179.7 179.913 -83.0015
179.8 180.013 -82.9953
179.9 180.113 -82.9891
180 180.213 -82.9829
180.1 180.313 -82.9767
180.2 180.413 -82.9705
180.3 180.513 -82.9643
180.4 180.613 -82.9581
180.5 180.713 -82.9519
180.6 180.813 -82.9458
180.7 180.913 -82.9396
180.8 181.013 -82.9334
180.9 181.113 -82.9272
181 181.213 -82.921
181.1 181.313 -82.9148
181.2 181.413 -82.9086
181.3 181.513 -82.9024
181.4 181.613 -82.8962
181.5 181.713 -82.89
181.6 181.813 -82.8838
181.7 181.913 -82.8776
181.8 182.013 -82.8714
181.9 182.113 -82.8652
182 182.213 -82.859
182.1 182.313 -82.8528
182.2 182.413 -82.8467
182.3 182.513 -82.8405
182.4 182.613 -82.8343
182.5 182.713 -82.8281
182.6 182.813 -82.8219
182.7 182.913 -82.8157
182.8 183.013 -82.8095
182.9 183.113 -82.8033
183 183.213 -82.7971
183.1 183.313 -82.7909
183.2 183.413 -82.7847
183.3 183.513 -82.7785
183.4 183.613 -82.7723
183.5 183.713 -82.7661
183.6 183.813 -82.7599
183.7 183.913 -82.7537
183.8 184.013 -82.7475
183.9 184.113 -82.7413
184 184.213 -82.7351
184.1 184.313 -82.729
184.2 184.413 -82.7228
184.3 184.513 -82.7166
184.4 184.613 -82.7104
184.5 184.713 -82.7042
184.6 184.813 -82.698
184.7 184.913 -82.6918
184.8 185.013 -82.6856
184.9 185.113 -82.6794
185 185.213 -82.6732
185.1 185.313 -82.667
185.2 185.413 -82.6608
185.3 185.513 -82.6546
185.4 185.613 -82.6484
185.5 185.713 -82.6422
185.6 185.813 -82.636
185.7 185.913 -82.6298
185.8 186.013 -82.6236
185.9 186.113 -82.6174
186 186.213 -82.6112
186.1 186.313 -82.605
186.2 186.413 -82.5988
186.3 186.513 -82.5926
186.4 186.613 -82.5864
186.5 186.713 -82.5802
186.6 186.813 -82.574
186.7 186.913 -82.5678
186.8 187.013 -82.5616
186.9 187.113 -82.5555
187 187.213 -82.5493
187.1 187.313 -82.5431
187.2 187.413 -82.5369
187.3 187.513 -82.5307
187.4 187.613 -82.5245
187.5 187.713 -82.5183
187.6 187.813 -82.5121
187.7 187.913 -82.5059
187.8 188.013 -82.4997
187.9 188.113 -82.4935
188 188.213 -82.4873
188.1 188.313 -82.4811
188.2 188.413 -82.4749
188.3 188.513 -82.4687
188.4 188.613 -82.4625
188.5 188.713 -82.4563
188.6 188.813 -82.4501
188.7 188.913 -82.4439
188.8 189.013 -82.4377
188.9 189.113 -82.4315
189 189.213 -82.4253
189.1 189.313 -82.4191
189.2 189.413 -82.4129
189.3 189.513 -82.4067
189.4 189.613 -82.4005
189.5 189.713 -82.3943
189.6 189.813 -82.3881
189.7 189.913 -82.3819
189.8 190.013 -82.3757
189.9 190.113 -82.3695
190 190.213 -82.3633
190.1 190.313 -82.3571
190.2 190.413 -82.3509
190.3 190.513 -82.3447
190.4 190.613 -82.3385
190.5 190.713 -82.3323
190.6 190.813 -82.3261
190.7 190.913 -82.3199
190.8 191.013 -82.3137
190.9 191.113 -82.3075
191 191.213 -82.3013
191.1 191.313 -82.2951
191.2 191.413 -82.2889
191.3 191.513 -82.2827
191.4 191.613 -82.2765
191.5 191.713 -82.2703
191.6 191.813 -82.2641
191.7 191.913 -82.2579
191.8 192.013 -82.2517
191.9 192.113 -82.2455
192 192.213 -82.2393
192.1 192.313 -82.2331
192.2 192.413 -82.2269
192.3 192.513 -82.2207
192.4 192.613 -82.2145
192.5 192.713 -82.2083
192.6 192.813 -82.2021
192.7 192.913 -82.1959
192.8 193.013 -82.1897
192.9 193.113 -82.1835
193 193.213 -82.1773
193.1 193.313 -82.1711
193.2 193.413 -82.1649
193.3 193.513 -82.1587
193.4 193.613 -82.1525
193.5 193.713 -82.1463
193.6 193.813 -82.1401
193.7 193.913 -82.1339
193.8 194.013 -82.1277
193.9 194.113 -82.1215
194 194.213 -82.1153
194.1 194.313 -82.1091
194.2 194.413 -82.1029
194.3 194.513 -82.0967
194.4 194.613 -82.0905
194.5 194.713 -82.0843
194.6 194.813 -82.0781
194.7 194.913 -82.0719
194.8 195.013 -82.0657
194.9 195.113 -82.0595
195 195.213 -82.0533
195.1 195.313 -82.0471
195.2 195.413 -82.0409
195.3 195.513 -82.0347
195.4 195.613 -82.0285
195.5 195.713 -82.0223
195.6 195.813 -82.0161
195.7 195.913 -82.0099
195.8 196.013 -82.0037
195.9 196.113 -81.9975
196 196.213 -81.9913
196.1 196.313 -81.985
196.2 196.413 -81.9788
196.3 196.513 -81.9726
196.4 196.613 -81.9664
196.5 196.713 -81.9602
196.6 196.813 -81.954
196.7 196.913 -81.9478
196.8 197.013 -81.9416
196.9 197.113 -81.9354
197 197.213 -81.9292
197.1 197.313 -81.923
197.2 197.413 -81.9168
197.3 197.513 -81.9106
197.4 197.613 -81.9044
197.5 197.713 -81.8982
197.6 197.813 -81.892
197.7 197.913 -81.8858
197.8 198.013 -81.8796
197.9 198.113 -81.8734
198 198.213 -81.8672
198.1 198.313 -81.861
198.2 198.413 -81.8548
198.3 198.513 -81.8486
198.4 198.613 -81.8424
198.5 198.713 -81.8362
198.6 198.813 -81.83
198.7 198.913 -81.8238
198.8 199.013 -81.8176
198.9 199.113 -81.8114
199 199.213 -81.8052
199.1 199.313 -81.7989
199.2 199.413 -81.7927
199.3 199.513 -81.7865
199.4 199.613 -81.7803
199.5 199.713 -81.7741
199.6 199.813 -81.7679
199.7 199.913 -81.7617
199.8 200.013 -81.7555
199.9 200.113 -81.7493
200 200.213 -81.7431
